0 0 0
0.1 0.00110938 0.0119141
0.2 0.00798487 0.0455522
0.3 0.0241615 0.0982328
0.4 0.0513794 0.16773
0.5 0.0901357 0.252112
0.6 0.140098 0.349629
0.7 0.200406 0.458631
0.8 0.269888 0.577523
0.9 0.347206 0.704734
1 0.430958 0.838709
1.1 0.519743 0.977901
1.2 0.612198 1.12078
1.3 0.707029 1.26586
1.4 0.803016 1.41166
1.5 0.899025 1.55678
1.6 0.994012 1.69987
1.7 1.08702 1.83967
1.8 1.17718 1.975
1.9 1.26371 2.10476
2 1.34591 2.22797
2.1 1.42319 2.34376
2.2 1.49501 2.45137
2.3 1.56093 2.55014
2.4 1.6206 2.63955
2.5 1.67374 2.71918
2.6 1.72015 2.78873
2.7 1.75971 2.84801
2.8 1.79237 2.89696
2.9 1.81814 2.93559
3 1.83711 2.96403
3.1 1.84944 2.9825
3.2 1.85531 2.99131
3.3 1.855 2.99084
3.4 1.84881 2.98155
3.5 1.83709 2.96396
3.6 1.82021 2.93864
3.7 1.7986 2.90623
3.8 1.77269 2.86737
3.9 1.74296 2.82277
4 1.70987 2.77313
4.1 1.67391 2.7192
4.2 1.63558 2.6617
4.3 1.59535 2.60136
4.4 1.55373 2.53892
4.5 1.51117 2.47509
4.6 1.46814 2.41054
4.7 1.42509 2.34596
4.8 1.38243 2.28197
4.9 1.34055 2.21916
5 1.29984 2.1581
5.1 1.26063 2.09928
5.2 1.22323 2.04318
5.3 1.18791 1.9902
5.4 1.15492 1.94071
5.5 1.12446 1.89503
5.6 1.09672 1.85341
5.7 1.07182 1.81606
5.8 1.04987 1.78314
5.9 1.03094 1.75475
6 1.01508 1.73095
6.1 1.00227 1.71174
6.2 0.992503 1.69709
6.3 0.985722 1.68692
6.4 0.981848 1.6811
6.5 0.980775 1.6795
6.6 0.982379 1.6819
6.7 0.986513 1.6881
6.8 0.993014 1.69785
6.9 1.0017 1.71089
7 1.01239 1.72691
7.1 1.02486 1.74563
7.2 1.03893 1.76673
7.3 1.05436 1.78988
7.4 1.07095 1.81476
7.5 1.08848 1.84105
7.6 1.10672 1.86842
7.7 1.12548 1.89655
7.8 1.14453 1.92512
7.9 1.16367 1.95385
8 1.18273 1.98243
8.1 1.20151 2.0106
8.2 1.21985 2.03811
8.3 1.23759 2.06472
8.4 1.25459 2.09021
8.5 1.27071 2.1144
8.6 1.28584 2.13709
8.7 1.29989 2.15816
8.8 1.31276 2.17747
8.9 1.3244 2.19493
9 1.33474 2.21044
9.1 1.34375 2.22396
9.2 1.35141 2.23545
9.3 1.35771 2.24489
9.4 1.36265 2.2523
9.5 1.36625 2.25771
9.6 1.36854 2.26114
9.7 1.36957 2.26268
9.8 1.36938 2.2624
9.9 1.36803 2.26038
10 1.3656 2.25674
10.1 1.36217 2.25158
10.2 1.35781 2.24504
10.3 1.3526 2.23724
10.4 1.34666 2.22832
10.5 1.34006 2.21842
10.6 1.3329 2.20769
10.7 1.32529 2.19627
10.8 1.31732 2.18431
10.9 1.30907 2.17194
11 1.30066 2.15932
11.1 1.29216 2.14657
11.2 1.28366 2.13382
11.3 1.27525 2.12121
11.4 1.267 2.10884
11.5 1.25899 2.09682
11.6 1.25129 2.08526
11.7 1.24394 2.07425
11.8 1.23702 2.06386
11.9 1.23056 2.05417
12 1.2246 2.04523
12.1 1.21918 2.0371
12.2 1.21433 2.02982
12.3 1.21006 2.02342
12.4 1.20638 2.01791
12.5 1.20332 2.01331
12.6 1.20085 2.00961
12.7 1.19899 2.00681
12.8 1.19771 2.0049
12.9 1.19701 2.00384
13 1.19685 2.00361
13.1 1.19722 2.00417
13.2 1.19809 2.00547
13.3 1.19942 2.00747
13.4 1.20118 2.01011
13.5 1.20333 2.01333
13.6 1.20583 2.01708
13.7 1.20864 2.02129
13.8 1.21172 2.02591
13.9 1.21501 2.03085
14 1.21849 2.03607
14.1 1.22211 2.04149
14.2 1.22582 2.04706
14.3 1.22958 2.0527
14.4 1.23336 2.05838
14.5 1.23712 2.06401
14.6 1.24082 2.06956
14.7 1.24443 2.07498
14.8 1.24792 2.08021
14.9 1.25126 2.08522
15 1.25442 2.08996
15.1 1.25739 2.09441
15.2 1.26013 2.09853
15.3 1.26265 2.10231
15.4 1.26492 2.10571
15.5 1.26693 2.10874
15.6 1.26869 2.11136
15.7 1.27017 2.11359
15.8 1.27138 2.11541
15.9 1.27233 2.11683
16 1.27301 2.11785
16.1 1.27344 2.11849
16.2 1.27361 2.11876
16.3 1.27355 2.11866
16.4 1.27326 2.11823
16.5 1.27276 2.11748
16.6 1.27206 2.11643
16.7 1.27118 2.11511
16.8 1.27014 2.11354
16.9 1.26895 2.11176
17 1.26763 2.10979
17.1 1.26621 2.10765
17.2 1.2647 2.10538
17.3 1.26312 2.10301
17.4 1.26149 2.10056
17.5 1.25982 2.09807
17.6 1.25814 2.09555
17.7 1.25647 2.09303
17.8 1.25481 2.09055
17.9 1.25318 2.08811
18 1.25161 2.08575
18.1 1.25009 2.08348
18.2 1.24865 2.08131
18.3 1.24729 2.07928
18.4 1.24603 2.07738
18.5 1.24486 2.07563
18.6 1.24381 2.07404
18.7 1.24286 2.07262
18.8 1.24203 2.07138
18.9 1.24132 2.07031
19 1.24072 2.06942
19.1 1.24025 2.06871
19.2 1.2399 2.06818
19.3 1.23966 2.06782
19.4 1.23953 2.06763
19.5 1.23951 2.0676
19.6 1.23959 2.06772
19.7 1.23978 2.068
19.8 1.24005 2.0684
19.9 1.2404 2.06894
20 1.24084 2.06959
20.1 1.24134 2.07034
20.2 1.2419 2.07118
20.3 1.24251 2.0721
20.4 1.24316 2.07308
20.5 1.24385 2.07411
20.6 1.24457 2.07519
20.7 1.2453 2.07629
20.8 1.24605 2.07741
20.9 1.2468 2.07853
21 1.24754 2.07964
21.1 1.24827 2.08073
21.2 1.24898 2.0818
21.3 1.24966 2.08283
21.4 1.25032 2.08381
21.5 1.25094 2.08474
21.6 1.25152 2.08561
21.7 1.25206 2.08642
21.8 1.25255 2.08716
21.9 1.25299 2.08782
22 1.25338 2.08841
22.1 1.25372 2.08892
22.2 1.25401 2.08935
22.3 1.25424 2.0897
22.4 1.25443 2.08997
22.5 1.25456 2.09017
22.6 1.25463 2.09028
22.7 1.25466 2.09033
22.8 1.25465 2.0903
22.9 1.25458 2.09021
23 1.25448 2.09005
23.1 1.25434 2.08984
23.2 1.25416 2.08958
23.3 1.25395 2.08926
23.4 1.25371 2.08891
23.5 1.25345 2.08851
23.6 1.25317 2.08809
23.7 1.25287 2.08764
23.8 1.25256 2.08717
23.9 1.25223 2.08668
24 1.2519 2.08619
24.1 1.25157 2.08569
24.2 1.25124 2.0852
24.3 1.25091 2.08471
24.4 1.25059 2.08423
24.5 1.25028 2.08376
24.6 1.24999 2.08331
24.7 1.2497 2.08289
24.8 1.24944 2.08249
24.9 1.24919 2.08212
25 1.24896 2.08178
25.1 1.24876 2.08147
25.2 1.24857 2.08119
25.3 1.24841 2.08095
25.4 1.24827 2.08074
25.5 1.24816 2.08057
25.6 1.24807 2.08043
25.7 1.248 2.08033
25.8 1.24795 2.08026
25.9 1.24793 2.08023
26 1.24793 2.08023
26.1 1.24795 2.08026
26.2 1.24799 2.08031
26.3 1.24804 2.0804
26.4 1.24811 2.0805
26.5 1.2482 2.08063
26.6 1.2483 2.08078
26.7 1.24841 2.08095
26.8 1.24853 2.08114
26.9 1.24866 2.08133
27 1.2488 2.08154
27.1 1.24894 2.08175
27.2 1.24909 2.08197
27.3 1.24924 2.08219
27.4 1.24938 2.08241
27.5 1.24953 2.08263
27.6 1.24967 2.08284
27.7 1.24981 2.08305
27.8 1.24995 2.08325
27.9 1.25008 2.08345
28 1.2502 2.08363
28.1 1.25031 2.0838
28.2 1.25042 2.08396
28.3 1.25051 2.0841
28.4 1.2506 2.08423
28.5 1.25068 2.08435
28.6 1.25074 2.08445
28.7 1.2508 2.08453
28.8 1.25084 2.0846
28.9 1.25088 2.08465
29 1.2509 2.08469
29.1 1.25092 2.08471
29.2 1.25092 2.08471
29.3 1.25092 2.08471
29.4 1.2509 2.08469
29.5 1.25088 2.08466
29.6 1.25085 2.08461
29.7 1.25082 2.08456
29.8 1.25078 2.0845
29.9 1.25073 2.08443
30 1.25068 2.08435
30.1 1.25062 2.08426
30.2 1.25056 2.08417
30.3 1.2505 2.08408
30.4 1.25043 2.08398
30.5 1.25037 2.08389
30.6 1.2503 2.08379
30.7 1.25024 2.08369
30.8 1.25017 2.08359
30.9 1.25011 2.0835
31 1.25005 2.08341
31.1 1.24999 2.08332
31.2 1.24994 2.08324
31.3 1.24988 2.08316
31.4 1.24984 2.08309
31.5 1.24979 2.08302
31.6 1.24975 2.08296
31.7 1.24971 2.0829
31.8 1.24968 2.08286
31.9 1.24966 2.08282
32 1.24963 2.08278
32.1 1.24962 2.08276
32.2 1.2496 2.08274
32.3 1.2496 2.08273
32.4 1.24959 2.08272
32.5 1.24959 2.08272
32.6 1.2496 2.08273
32.7 1.2496 2.08274
32.8 1.24961 2.08276
32.9 1.24963 2.08278
33 1.24965 2.0828
33.1 1.24967 2.08283
33.2 1.24969 2.08287
33.3 1.24971 2.0829
33.4 1.24974 2.08294
33.5 1.24977 2.08298
33.6 1.24979 2.08302
33.7 1.24982 2.08307
33.8 1.24985 2.08311
33.9 1.24988 2.08316
34 1.24991 2.0832
34.1 1.24994 2.08324
34.2 1.24997 2.08328
34.3 1.24999 2.08332
34.4 1.25002 2.08336
34.5 1.25004 2.0834
34.6 1.25006 2.08343
34.7 1.25008 2.08346
34.8 1.2501 2.08349
34.9 1.25012 2.08351
35 1.25013 2.08354
35.1 1.25015 2.08355
35.2 1.25016 2.08357
35.3 1.25017 2.08358
35.4 1.25017 2.08359
35.5 1.25018 2.0836
35.6 1.25018 2.0836
35.7 1.25018 2.08361
35.8 1.25018 2.0836
35.9 1.25018 2.0836
36 1.25017 2.08359
36.1 1.25017 2.08358
36.2 1.25016 2.08357
36.3 1.25015 2.08356
36.4 1.25014 2.08355
36.5 1.25013 2.08353
36.6 1.25012 2.08351
36.7 1.25011 2.0835
36.8 1.2501 2.08348
36.9 1.25008 2.08346
37 1.25007 2.08344
37.1 1.25006 2.08342
37.2 1.25005 2.0834
37.3 1.25003 2.08338
37.4 1.25002 2.08336
37.5 1.25001 2.08335
37.6 1.25 2.08333
37.7 1.24999 2.08331
37.8 1.24998 2.0833
37.9 1.24997 2.08328
38 1.24996 2.08327
38.1 1.24995 2.08326
38.2 1.24994 2.08325
38.3 1.24994 2.08324
38.4 1.24993 2.08323
38.5 1.24993 2.08322
38.6 1.24992 2.08322
38.7 1.24992 2.08322
38.8 1.24992 2.08321
38.9 1.24992 2.08321
39 1.24992 2.08321
39.1 1.24992 2.08321
39.2 1.24992 2.08322
39.3 1.24992 2.08322
39.4 1.24993 2.08322
39.5 1.24993 2.08323
39.6 1.24993 2.08324
39.7 1.24994 2.08324
39.8 1.24994 2.08325
39.9 1.24995 2.08326
40 1.24995 2.08327
40.1 1.24996 2.08327
40.2 1.24997 2.08328
40.3 1.24997 2.08329
40.4 1.24998 2.0833
40.5 1.24998 2.08331
40.6 1.24999 2.08332
40.7 1.24999 2.08332
40.8 1.25 2.08333
40.9 1.25 2.08334
41 1.25001 2.08335
41.1 1.25001 2.08335
41.2 1.25002 2.08336
41.3 1.25002 2.08336
41.4 1.25002 2.08337
41.5 1.25003 2.08337
41.6 1.25003 2.08338
41.7 1.25003 2.08338
41.8 1.25003 2.08338
41.9 1.25003 2.08338
42 1.25004 2.08339
42.1 1.25004 2.08339
42.2 1.25004 2.08339
42.3 1.25004 2.08339
42.4 1.25004 2.08339
42.5 1.25003 2.08338
42.6 1.25003 2.08338
42.7 1.25003 2.08338
42.8 1.25003 2.08338
42.9 1.25003 2.08338
43 1.25003 2.08337
43.1 1.25002 2.08337
43.2 1.25002 2.08337
43.3 1.25002 2.08336
43.4 1.25002 2.08336
43.5 1.25001 2.08335
43.6 1.25001 2.08335
43.7 1.25001 2.08335
43.8 1.25001 2.08334
43.9 1.25 2.08334
44 1.25 2.08334
44.1 1.25 2.08333
44.2 1.25 2.08333
44.3 1.25 2.08333
44.4 1.24999 2.08332
44.5 1.24999 2.08332
44.6 1.24999 2.08332
44.7 1.24999 2.08332
44.8 1.24999 2.08331
44.9 1.24999 2.08331
45 1.24999 2.08331
45.1 1.24998 2.08331
45.2 1.24998 2.08331
45.3 1.24998 2.08331
45.4 1.24998 2.08331
45.5 1.24998 2.08331
45.6 1.24998 2.08331
45.7 1.24998 2.08331
45.8 1.24999 2.08331
45.9 1.24999 2.08331
46 1.24999 2.08331
46.1 1.24999 2.08331
46.2 1.24999 2.08332
46.3 1.24999 2.08332
46.4 1.24999 2.08332
46.5 1.24999 2.08332
46.6 1.24999 2.08332
46.7 1.24999 2.08332
46.8 1.24999 2.08333
46.9 1.25 2.08333
47 1.25 2.08333
47.1 1.25 2.08333
47.2 1.25 2.08333
47.3 1.25 2.08333
47.4 1.25 2.08333
47.5 1.25 2.08334
47.6 1.25 2.08334
47.7 1.25 2.08334
47.8 1.25 2.08334
47.9 1.25 2.08334
48 1.25001 2.08334
48.1 1.25001 2.08334
48.2 1.25001 2.08334
48.3 1.25001 2.08334
48.4 1.25001 2.08334
48.5 1.25001 2.08334
48.6 1.25001 2.08334
48.7 1.25001 2.08334
48.8 1.25001 2.08334
48.9 1.25001 2.08334
49 1.25001 2.08334
49.1 1.25001 2.08334
49.2 1.25001 2.08334
49.3 1.25001 2.08334
49.4 1.25001 2.08334
49.5 1.25001 2.08334
49.6 1.25 2.08334
49.7 1.25 2.08334
49.8 1.25 2.08334
49.9 1.25 2.08334
50 1.25 2.08334
50.1 1.25 2.08334
50.2 1.25 2.08334
50.3 1.25 2.08334
50.4 1.25 2.08333
50.5 1.25 2.08333
50.6 1.25 2.08333
50.7 1.25 2.08333
50.8 1.25 2.08333
50.9 1.25 2.08333
51 1.25 2.08333
51.1 1.25 2.08333
51.2 1.25 2.08333
51.3 1.25 2.08333
51.4 1.25 2.08333
51.5 1.25 2.08333
51.6 1.25 2.08333
51.7 1.25 2.08333
51.8 1.25 2.08333
51.9 1.25 2.08333
52 1.25 2.08333
52.1 1.25 2.08333
52.2 1.25 2.08333
52.3 1.25 2.08333
52.4 1.25 2.08333
52.5 1.25 2.08333
52.6 1.25 2.08333
52.7 1.25 2.08333
52.8 1.25 2.08333
52.9 1.25 2.08333
53 1.25 2.08333
53.1 1.25 2.08333
53.2 1.25 2.08333
53.3 1.25 2.08333
53.4 1.25 2.08333
53.5 1.25 2.08333
53.6 1.25 2.08333
53.7 1.25 2.08333
53.8 1.25 2.08333
53.9 1.25 2.08333
54 1.25 2.08333
54.1 1.25 2.08333
54.2 1.25 2.08333
54.3 1.25 2.08333
54.4 1.25 2.08333
54.5 1.25 2.08333
54.6 1.25 2.08334
54.7 1.25 2.08334
54.8 1.25 2.08334
54.9 1.25 2.08334
55 1.25 2.08334
55.1 1.25 2.08334
55.2 1.25 2.08334
55.3 1.25 2.08334
55.4 1.25 2.08334
55.5 1.25 2.08334
55.6 1.25 2.08334
55.7 1.25 2.08334
55.8 1.25 2.08334
55.9 1.25 2.08333
56 1.25 2.08333
56.1 1.25 2.08333
56.2 1.25 2.08333
56.3 1.25 2.08333
56.4 1.25 2.08333
56.5 1.25 2.08333
56.6 1.25 2.08333
56.7 1.25 2.08333
56.8 1.25 2.08333
56.9 1.25 2.08333
57 1.25 2.08333
57.1 1.25 2.08333
57.2 1.25 2.08333
57.3 1.25 2.08333
57.4 1.25 2.08333
57.5 1.25 2.08333
57.6 1.25 2.08333
57.7 1.25 2.08333
57.8 1.25 2.08333
57.9 1.25 2.08333
58 1.25 2.08333
58.1 1.25 2.08333
58.2 1.25 2.08333
58.3 1.25 2.08333
58.4 1.25 2.08333
58.5 1.25 2.08333
58.6 1.25 2.08333
58.7 1.25 2.08333
58.8 1.25 2.08333
58.9 1.25 2.08333
59 1.25 2.08333
59.1 1.25 2.08333
59.2 1.25 2.08333
59.3 1.25 2.08333
59.4 1.25 2.08333
59.5 1.25 2.08333
59.6 1.25 2.08333
59.7 1.25 2.08333
59.8 1.25 2.08333
59.9 1.25 2.08333
60 1.25 2.08333
60.1 1.25 2.08333
60.2 1.25 2.08333
60.3 1.25 2.08333
60.4 1.25 2.08333
60.5 1.25 2.08333
60.6 1.25 2.08333
60.7 1.25 2.08333
60.8 1.25 2.08333
60.9 1.25 2.08333
61 1.25 2.08333
61.1 1.25 2.08333
61.2 1.25 2.08333
61.3 1.25 2.08333
61.4 1.25 2.08333
61.5 1.25 2.08333
61.6 1.25 2.08333
61.7 1.25 2.08333
61.8 1.25 2.08333
61.9 1.25 2.08333
62 1.25 2.08333
62.1 1.25 2.08333
62.2 1.25 2.08333
62.3 1.25 2.08333
62.4 1.25 2.08333
62.5 1.25 2.08333
62.6 1.25 2.08333
62.7 1.25 2.08333
62.8 1.25 2.08333
62.9 1.25 2.08333
63 1.25 2.08333
63.1 1.25 2.08333
63.2 1.25 2.08333
63.3 1.25 2.08333
63.4 1.25 2.08333
63.5 1.25 2.08333
63.6 1.25 2.08333
63.7 1.25 2.08333
63.8 1.25 2.08333
63.9 1.25 2.08333
64 1.25 2.08333
64.1 1.25 2.08333
64.2 1.25 2.08333
64.3 1.25 2.08333
64.4 1.25 2.08333
64.5 1.25 2.08333
64.6 1.25 2.08333
64.7 1.25 2.08333
64.8 1.25 2.08333
64.9 1.25 2.08333
65 1.25 2.08333
65.1 1.25 2.08333
65.2 1.25 2.08333
65.3 1.25 2.08333
65.4 1.25 2.08333
65.5 1.25 2.08333
65.6 1.25 2.08333
65.7 1.25 2.08333
65.8 1.25 2.08333
65.9 1.25 2.08333
66 1.25 2.08333
66.1 1.25 2.08333
66.2 1.25 2.08333
66.3 1.25 2.08333
66.4 1.25 2.08333
66.5 1.25 2.08333
66.6 1.25 2.08333
66.7 1.25 2.08333
66.8 1.25 2.08333
66.9 1.25 2.08333
67 1.25 2.08333
67.1 1.25 2.08333
67.2 1.25 2.08333
67.3 1.25 2.08333
67.4 1.25 2.08333
67.5 1.25 2.08333
67.6 1.25 2.08333
67.7 1.25 2.08333
67.8 1.25 2.08333
67.9 1.25 2.08333
68 1.25 2.08333
68.1 1.25 2.08333
68.2 1.25 2.08333
68.3 1.25 2.08333
68.4 1.25 2.08333
68.5 1.25 2.08333
68.6 1.25 2.08333
68.7 1.25 2.08333
68.8 1.25 2.08333
68.9 1.25 2.08333
69 1.25 2.08333
69.1 1.25 2.08333
69.2 1.25 2.08333
69.3 1.25 2.08333
69.4 1.25 2.08333
69.5 1.25 2.08333
69.6 1.25 2.08333
69.7 1.25 2.08333
69.8 1.25 2.08333
69.9 1.25 2.08333
70 1.25 2.08333
70.1 1.25 2.08333
70.2 1.25 2.08333
70.3 1.25 2.08333
70.4 1.25 2.08333
70.5 1.25 2.08333
70.6 1.25 2.08333
70.7 1.25 2.08333
70.8 1.25 2.08333
70.9 1.25 2.08333
71 1.25 2.08333
71.1 1.25 2.08333
71.2 1.25 2.08333
71.3 1.25 2.08333
71.4 1.25 2.08333
71.5 1.25 2.08333
71.6 1.25 2.08333
71.7 1.25 2.08333
71.8 1.25 2.08333
71.9 1.25 2.08333
72 1.25 2.08333
72.1 1.25 2.08333
72.2 1.25 2.08333
72.3 1.25 2.08333
72.4 1.25 2.08333
72.5 1.25 2.08333
72.6 1.25 2.08333
72.7 1.25 2.08333
72.8 1.25 2.08333
72.9 1.25 2.08333
73 1.25 2.08333
73.1 1.25 2.08333
73.2 1.25 2.08333
73.3 1.25 2.08333
73.4 1.25 2.08333
73.5 1.25 2.08333
73.6 1.25 2.08333
73.7 1.25 2.08333
73.8 1.25 2.08333
73.9 1.25 2.08333
74 1.25 2.08333
74.1 1.25 2.08333
74.2 1.25 2.08333
74.3 1.25 2.08333
74.4 1.25 2.08333
74.5 1.25 2.08333
74.6 1.25 2.08333
74.7 1.25 2.08333
74.8 1.25 2.08333
74.9 1.25 2.08333
75 1.25 2.08333
75.1 1.25 2.08333
75.2 1.25 2.08333
75.3 1.25 2.08333
75.4 1.25 2.08333
75.5 1.25 2.08333
75.6 1.25 2.08333
75.7 1.25 2.08333
75.8 1.25 2.08333
75.9 1.25 2.08333
76 1.25 2.08333
76.1 1.25 2.08333
76.2 1.25 2.08333
76.3 1.25 2.08333
76.4 1.25 2.08333
76.5 1.25 2.08333
76.6 1.25 2.08333
76.7 1.25 2.08333
76.8 1.25 2.08333
76.9 1.25 2.08333
77 1.25 2.08333
77.1 1.25 2.08333
77.2 1.25 2.08333
77.3 1.25 2.08333
77.4 1.25 2.08333
77.5 1.25 2.08333
77.6 1.25 2.08333
77.7 1.25 2.08333
77.8 1.25 2.08333
77.9 1.25 2.08333
78 1.25 2.08333
78.1 1.25 2.08333
78.2 1.25 2.08333
78.3 1.25 2.08333
78.4 1.25 2.08333
78.5 1.25 2.08333
78.6 1.25 2.08333
78.7 1.25 2.08333
78.8 1.25 2.08333
78.9 1.25 2.08333
79 1.25 2.08333
79.1 1.25 2.08333
79.2 1.25 2.08333
79.3 1.25 2.08333
79.4 1.25 2.08333
79.5 1.25 2.08333
79.6 1.25 2.08333
79.7 1.25 2.08333
79.8 1.25 2.08333
79.9 1.25 2.08333
80 1.25 2.08333
80.1 1.25 2.08333
80.2 1.25 2.08333
80.3 1.25 2.08333
80.4 1.25 2.08333
80.5 1.25 2.08333
80.6 1.25 2.08333
80.7 1.25 2.08333
80.8 1.25 2.08333
80.9 1.25 2.08333
81 1.25 2.08333
81.1 1.25 2.08333
81.2 1.25 2.08333
81.3 1.25 2.08333
81.4 1.25 2.08333
81.5 1.25 2.08333
81.6 1.25 2.08333
81.7 1.25 2.08333
81.8 1.25 2.08333
81.9 1.25 2.08333
82 1.25 2.08333
82.1 1.25 2.08333
82.2 1.25 2.08333
82.3 1.25 2.08333
82.4 1.25 2.08333
82.5 1.25 2.08333
82.6 1.25 2.08333
82.7 1.25 2.08333
82.8 1.25 2.08333
82.9 1.25 2.08333
83 1.25 2.08333
83.1 1.25 2.08333
83.2 1.25 2.08333
83.3 1.25 2.08333
83.4 1.25 2.08333
83.5 1.25 2.08333
83.6 1.25 2.08333
83.7 1.25 2.08333
83.8 1.25 2.08333
83.9 1.25 2.08333
84 1.25 2.08333
84.1 1.25 2.08333
84.2 1.25 2.08333
84.3 1.25 2.08333
84.4 1.25 2.08333
84.5 1.25 2.08333
84.6 1.25 2.08333
84.7 1.25 2.08333
84.8 1.25 2.08333
84.9 1.25 2.08333
85 1.25 2.08333
85.1 1.25 2.08333
85.2 1.25 2.08333
85.3 1.25 2.08333
85.4 1.25 2.08333
85.5 1.25 2.08333
85.6 1.25 2.08333
85.7 1.25 2.08333
85.8 1.25 2.08333
85.9 1.25 2.08333
86 1.25 2.08333
86.1 1.25 2.08333
86.2 1.25 2.08333
86.3 1.25 2.08333
86.4 1.25 2.08333
86.5 1.25 2.08333
86.6 1.25 2.08333
86.7 1.25 2.08333
86.8 1.25 2.08333
86.9 1.25 2.08333
87 1.25 2.08333
87.1 1.25 2.08333
87.2 1.25 2.08333
87.3 1.25 2.08333
87.4 1.25 2.08333
87.5 1.25 2.08333
87.6 1.25 2.08333
87.7 1.25 2.08333
87.8 1.25 2.08333
87.9 1.25 2.08333
88 1.25 2.08333
88.1 1.25 2.08333
88.2 1.25 2.08333
88.3 1.25 2.08333
88.4 1.25 2.08333
88.5 1.25 2.08333
88.6 1.25 2.08333
88.7 1.25 2.08333
88.8 1.25 2.08333
88.9 1.25 2.08333
89 1.25 2.08333
89.1 1.25 2.08333
89.2 1.25 2.08333
89.3 1.25 2.08333
89.4 1.25 2.08333
89.5 1.25 2.08333
89.6 1.25 2.08333
89.7 1.25 2.08333
89.8 1.25 2.08333
89.9 1.25 2.08333
90 1.25 2.08333
90.1 1.25 2.08333
90.2 1.25 2.08333
90.3 1.25 2.08333
90.4 1.25 2.08333
90.5 1.25 2.08333
90.6 1.25 2.08333
90.7 1.25 2.08333
90.8 1.25 2.08333
90.9 1.25 2.08333
91 1.25 2.08333
91.1 1.25 2.08333
91.2 1.25 2.08333
91.3 1.25 2.08333
91.4 1.25 2.08333
91.5 1.25 2.08333
91.6 1.25 2.08333
91.7 1.25 2.08333
91.8 1.25 2.08333
91.9 1.25 2.08333
92 1.25 2.08333
92.1 1.25 2.08333
92.2 1.25 2.08333
92.3 1.25 2.08333
92.4 1.25 2.08333
92.5 1.25 2.08333
92.6 1.25 2.08333
92.7 1.25 2.08333
92.8 1.25 2.08333
92.9 1.25 2.08333
93 1.25 2.08333
93.1 1.25 2.08333
93.2 1.25 2.08333
93.3 1.25 2.08333
93.4 1.25 2.08333
93.5 1.25 2.08333
93.6 1.25 2.08333
93.7 1.25 2.08333
93.8 1.25 2.08333
93.9 1.25 2.08333
94 1.25 2.08333
94.1 1.25 2.08333
94.2 1.25 2.08333
94.3 1.25 2.08333
94.4 1.25 2.08333
94.5 1.25 2.08333
94.6 1.25 2.08333
94.7 1.25 2.08333
94.8 1.25 2.08333
94.9 1.25 2.08333
95 1.25 2.08333
95.1 1.25 2.08333
95.2 1.25 2.08333
95.3 1.25 2.08333
95.4 1.25 2.08333
95.5 1.25 2.08333
95.6 1.25 2.08333
95.7 1.25 2.08333
95.8 1.25 2.08333
95.9 1.25 2.08333
96 1.25 2.08333
96.1 1.25 2.08333
96.2 1.25 2.08333
96.3 1.25 2.08333
96.4 1.25 2.08333
96.5 1.25 2.08333
96.6 1.25 2.08333
96.7 1.25 2.08333
96.8 1.25 2.08333
96.9 1.25 2.08333
97 1.25 2.08333
97.1 1.25 2.08333
97.2 1.25 2.08333
97.3 1.25 2.08333
97.4 1.25 2.08333
97.5 1.25 2.08333
97.6 1.25 2.08333
97.7 1.25 2.08333
97.8 1.25 2.08333
97.9 1.25 2.08333
98 1.25 2.08333
98.1 1.25 2.08333
98.2 1.25 2.08333
98.3 1.25 2.08333
98.4 1.25 2.08333
98.5 1.25 2.08333
98.6 1.25 2.08333
98.7 1.25 2.08333
98.8 1.25 2.08333
98.9 1.25 2.08333
99 1.25 2.08333
99.1 1.25 2.08333
99.2 1.25 2.08333
99.3 1.25 2.08333
99.4 1.25 2.08333
99.5 1.25 2.08333
99.6 1.25 2.08333
99.7 1.25 2.08333
99.8 1.25 2.08333
99.9 1.25 2.08333
100 1.25 2.08333
